0.000000000000000000e+00
2.821670428893906040e-04
2.565154935358095710e-04
0.000000000000000000e+00
3.759835485671725709e-04
0.000000000000000000e+00
5.651197928247661192e-04
0.000000000000000000e+00
1.539092961214857372e-04
7.202108532200063567e-04
0.000000000000000000e+00
2.552402601080119328e-03
2.175426383571179374e-04
1.767533936651583665e-04
5.827505827505827501e-04
0.000000000000000000e+00
0.000000000000000000e+00
0.000000000000000000e+00
0.000000000000000000e+00
3.337147215865751432e-04
1.560224672352818686e-04
8.278977760046916760e-04
0.000000000000000000e+00
1.763544018058691072e-04
3.605185813423799571e-03
1.696832579185520405e-03
3.023218316672041063e-04
0.000000000000000000e+00
3.987888307044566184e-03
0.000000000000000000e+00
7.419652615343759992e-04
9.894294653652942629e-04
2.159605100781571228e-03
5.656108597285068379e-04
0.000000000000000000e+00
1.430205949656751117e-04
0.000000000000000000e+00
2.117210402132723400e-03
0.000000000000000000e+00
5.720823798627002301e-04
8.788003440409856981e-04
3.810611322481310091e-03
9.389991864710870925e-04
5.720823798627002301e-04
1.560224672352818686e-04
0.000000000000000000e+00
0.000000000000000000e+00
0.000000000000000000e+00
0.000000000000000000e+00
1.836022852302018112e-03
5.827505827505827501e-04
5.656108597285068379e-04
5.656108597285068379e-04
5.827505827505827501e-04
1.410835214446953020e-04
1.321523632736447450e-03
1.420929708486971810e-03
0.000000000000000000e+00
2.175426383571179374e-04
7.195201558499926021e-04
0.000000000000000000e+00
1.148361442479089480e-03
2.290162146090973620e-03
1.351253404019590529e-03
3.176122520013922521e-03
5.720823798627002301e-04
5.656108597285068379e-04
9.931753724078781938e-04
1.416808508778167469e-03
1.763544018058691072e-04
1.475950685882965836e-03
0.000000000000000000e+00
5.827505827505827501e-04
1.858049792605270117e-03
3.933066361556063878e-04
4.413807857239004993e-04
2.903877257540393546e-04
4.520124309189418356e-03
0.000000000000000000e+00
2.830701595678154076e-03
5.656108597285068379e-04
5.579666217033291999e-03
3.933066361556063336e-04
7.153156279994514911e-04
1.539092961214857372e-04
1.539092961214857372e-04
3.933066361556063336e-04
7.644611480008505324e-04
1.128668171557561982e-03
3.730740386886591958e-04
0.000000000000000000e+00
1.560224672352818686e-04
1.733888883987887066e-03
0.000000000000000000e+00
1.128668171557561982e-03
0.000000000000000000e+00
5.827505827505827501e-04
0.000000000000000000e+00
0.000000000000000000e+00
7.061641876430205982e-04
1.767533936651583936e-04
3.120449344705637372e-04
1.131221719457013676e-03
1.430205949656750846e-04
1.003023987274895973e-03
1.787757437070938422e-04
7.722763661677688662e-04
1.737583545363865622e-03
9.300330970759864953e-04
1.542575071986836707e-04
1.763544018058690801e-04
1.345568135669431530e-03
0.000000000000000000e+00
5.827505827505827501e-04
1.295348442755276438e-03
9.412048691360868410e-04
1.513448705844410835e-03
2.074197856801386630e-03
5.720823798627002301e-04
0.000000000000000000e+00
1.280374850168900479e-03
0.000000000000000000e+00
6.382257927760107141e-04
1.144164759725400460e-03
7.070135746606334660e-04
5.656108597285068379e-04
2.971059886799771706e-04
2.351392024078254310e-04
2.705627705627705083e-04
0.000000000000000000e+00
2.341543754111465730e-03
2.271724231374344302e-03
4.160599126274183344e-04
2.860411899313501692e-04
4.930070351500066839e-03
2.990430622009569261e-04
2.356711915535444706e-04
9.988104953780011386e-04
0.000000000000000000e+00
1.147084668529363850e-03
5.656108597285068379e-04
0.000000000000000000e+00
1.147084668529363850e-03
0.000000000000000000e+00
1.542575071986836707e-04
5.656108597285068379e-04
0.000000000000000000e+00
1.410835214446953020e-04
7.238341041952780792e-04
1.430205949656750846e-04
7.257711777162577805e-04
2.533894292542832050e-03
0.000000000000000000e+00
1.568484750065860314e-03
1.729835251279946383e-03
0.000000000000000000e+00
3.640262346762132475e-03
4.358722894192001572e-04
5.827505827505827501e-04
4.226603562181173359e-04
5.643340857787809911e-04
5.827505827505827501e-04
1.973086593312504793e-03
1.216353133735118995e-03
0.000000000000000000e+00
1.454325327109485784e-03
0.000000000000000000e+00
1.010795005822699407e-03
1.018622872169782853e-03
0.000000000000000000e+00
9.988104953780011386e-04
9.885422305751612009e-04
0.000000000000000000e+00
1.066078842667113856e-03
1.285479226655697211e-03
3.062299389648824588e-03
0.000000000000000000e+00
2.200316845625769615e-04
0.000000000000000000e+00
5.656108597285068379e-04
0.000000000000000000e+00
4.113533525298231400e-04
1.381155056380790024e-03
0.000000000000000000e+00
9.926233473073200423e-04
2.255495394115110061e-03
5.656108597285068379e-04
7.131659013073955592e-04
5.827505827505827501e-04
5.827505827505827501e-04
1.165501165501165500e-03
0.000000000000000000e+00
5.656108597285068379e-04
1.165501165501165500e-03
0.000000000000000000e+00
8.337895916605669519e-03
9.690122669935781778e-04
1.093328301932053152e-02
1.410835214446953020e-04
1.430205949656750846e-04
3.472825143254037452e-04
2.170515714533772730e-04
0.000000000000000000e+00
2.821670428893904956e-04
1.558807801656771942e-03
1.274242314422688706e-03
4.104247896572953353e-04
2.620122541115768307e-04
1.327137186186183376e-03
0.000000000000000000e+00
0.000000000000000000e+00
3.888574660633483358e-04
1.165501165501165500e-03
5.656108597285068379e-04
8.227067050596462800e-04
0.000000000000000000e+00
3.893983736041787581e-03
4.363955324983077215e-04
1.105689856594251454e-03
0.000000000000000000e+00
5.720823798627002301e-04
0.000000000000000000e+00
2.633736148669296728e-03
1.165501165501165500e-03
2.845194021664609885e-03
2.979896016791124154e-03
1.147084668529363850e-03
5.720823798627002301e-04
7.205957411773372158e-03
0.000000000000000000e+00
1.007954669281900442e-03
2.502860411899313032e-04
5.656108597285068379e-04
1.028286603852487545e-03
1.137693239591207068e-03
5.720823798627002301e-04
0.000000000000000000e+00
1.530999875746813510e-03
6.573350115034000060e-03
5.827505827505827501e-04
1.309997463164107572e-03
0.000000000000000000e+00
5.827505827505827501e-04
9.747588754360763264e-04
5.729894222256987253e-04
3.107595595105553700e-03
3.224766204450176628e-04
1.362100904435001000e-04
4.168362952057017533e-04
1.417922540917193478e-03
2.880160631554033127e-03
0.000000000000000000e+00
5.720823798627002301e-04
1.362100904435001000e-04
5.421150393555832685e-04
5.656108597285068379e-04
5.656108597285068379e-04
0.000000000000000000e+00
8.000394067486976592e-04
9.545507283063843582e-04
5.720823798627002301e-04
5.827505827505827501e-04
5.548985328397092708e-04
2.200316845625769615e-04
0.000000000000000000e+00
1.137693239591207068e-03
5.643340857787809911e-04
5.232227245821057405e-04
3.186576514076850958e-03
4.238186056367874792e-04
1.156243953982646726e-03
1.967975986122794813e-03
3.299396681749622588e-04
0.000000000000000000e+00
0.000000000000000000e+00
0.000000000000000000e+00
0.000000000000000000e+00
5.827505827505827501e-04
0.000000000000000000e+00
5.827505827505827501e-04
0.000000000000000000e+00
0.000000000000000000e+00
1.302634572831190898e-03
2.903084710865031122e-03
0.000000000000000000e+00
0.000000000000000000e+00
5.656108597285068379e-04
5.827505827505827501e-04
2.451781627983001528e-04
0.000000000000000000e+00
5.643340857787809911e-04
5.656108597285068379e-04
2.082258715258980975e-03
0.000000000000000000e+00
8.551497522085757357e-04
1.410835214446953291e-04
0.000000000000000000e+00
0.000000000000000000e+00
2.331002331002331000e-03
4.160599126274183344e-04
2.261166664964301288e-03
1.809585830832289525e-03
4.071495386244709455e-03
2.451781627983001528e-04
1.114939963119395121e-03
5.656108597285068379e-04
5.827505827505827501e-04
1.410835214446953020e-04
3.520506953001232143e-04
1.539092961214857372e-04
3.879796839729118840e-04
3.291948833709556414e-04
1.410835214446953020e-04
7.066943811732021670e-04
7.615263264576766465e-04
3.933066361556063878e-04
7.591049845564518030e-04
0.000000000000000000e+00
3.023218316672040521e-04
0.000000000000000000e+00
5.996049661399548234e-04
1.884853247310050613e-03
5.720823798627002301e-04
0.000000000000000000e+00
0.000000000000000000e+00
4.554192297295023869e-04
0.000000000000000000e+00
1.559714795008912674e-03
4.654049738144557143e-04
5.033974892384503186e-03
1.494739051947289923e-03
1.774814396802551313e-03
5.656108597285068379e-04
1.835362552730764041e-03
9.136790810998956028e-04
1.539092961214857372e-04
5.827505827505827501e-04
1.346692523163111764e-04
9.948637517935277758e-03
0.000000000000000000e+00
1.129944945507287829e-03
3.145613371128057334e-03
7.484367816685692830e-04
6.974080618691284525e-03
0.000000000000000000e+00
5.720823798627002301e-04
1.154832962613283089e-03
6.889186831428616327e-03
7.387730499858645916e-04
5.318780610290233662e-04
1.720443822341789818e-03
0.000000000000000000e+00
2.442832159987900782e-03
7.900512673825031305e-04
3.364312650339136655e-03
1.768989439821794327e-03
2.565154935358095710e-04
5.656108597285068379e-04
7.005441762222810098e-04
1.787757437070938151e-04
3.259977160342302643e-03
2.010461816509101496e-03
1.165501165501165500e-03
2.860411899313501692e-04
2.199760063310021545e-03
7.054176072234763202e-04
0.000000000000000000e+00
1.362100904435001000e-04
1.763544018058691072e-04
2.170515714533772730e-04
1.343652585187574318e-04
5.320834612255539650e-03
2.170515714533772730e-04
1.737583545363865622e-03
8.027822673131597116e-04
0.000000000000000000e+00
0.000000000000000000e+00
2.418574653337632471e-04
1.430205949656750846e-04
5.656108597285068379e-04
1.165501165501165500e-03
5.643340857787809911e-04
7.171158412693401547e-04
7.591049845564518030e-04
1.131221719457013676e-03
5.720823798627002301e-04
5.643340857787809911e-04
0.000000000000000000e+00
0.000000000000000000e+00
0.000000000000000000e+00
5.643340857787809911e-04
3.555291373722522358e-04
3.124064711256796262e-03
0.000000000000000000e+00
0.000000000000000000e+00
3.926251654748087847e-04
0.000000000000000000e+00
0.000000000000000000e+00
5.827505827505827501e-04
1.880824638597468866e-03
0.000000000000000000e+00
1.191316771586515590e-03
0.000000000000000000e+00
3.269042170644000231e-04
7.572844794080924296e-04
8.896082623199327681e-04
0.000000000000000000e+00
1.787757437070938422e-04
0.000000000000000000e+00
0.000000000000000000e+00
0.000000000000000000e+00
1.814350881436095934e-03
2.488663061412592359e-03
0.000000000000000000e+00
5.656108597285068379e-04
0.000000000000000000e+00
0.000000000000000000e+00
1.418880789421911922e-03
3.393606326369820892e-03
8.544383607943832008e-04
3.888574660633483358e-04
4.113533525298231400e-04
3.054836435197609296e-03
0.000000000000000000e+00
0.000000000000000000e+00
1.112267309349689211e-03
6.345596291767502308e-04
5.720823798627002301e-04
0.000000000000000000e+00
0.000000000000000000e+00
8.679326913957109441e-04
2.277029614036651245e-03
4.954608962296333866e-03
4.299688272600236407e-04
2.424046541693600037e-04
0.000000000000000000e+00
3.813584211231981196e-03
8.093665487830246138e-04
1.289444963923784809e-03
3.275985532139263565e-03
1.763544018058691072e-04
1.555429864253393560e-03
7.216333269637886794e-04
1.442899651138929108e-04
1.731112025229672446e-03
0.000000000000000000e+00
0.000000000000000000e+00
1.048650582433306158e-03
0.000000000000000000e+00
1.131221719457013676e-03
0.000000000000000000e+00
1.410835214446953020e-04
0.000000000000000000e+00
7.394566218095629216e-04
3.410804881393116397e-03
0.000000000000000000e+00
3.576906835859980545e-03
1.136416465641481221e-03
5.631435926773455678e-04
2.727020484956827005e-03
0.000000000000000000e+00
1.560224672352818686e-04
6.035239528467520364e-04
1.292438932876763171e-03
5.827505827505827501e-04
1.308720689214381509e-03
2.036144027885300554e-03
1.285967412742569562e-03
0.000000000000000000e+00
1.787757437070938151e-04
2.175426383571179374e-04
1.729835251279946383e-03
0.000000000000000000e+00
0.000000000000000000e+00
9.875846501128668700e-04
1.560224672352818686e-04
0.000000000000000000e+00
5.656108597285068379e-04
2.113380677899811145e-03
1.549576788417953311e-03
0.000000000000000000e+00
0.000000000000000000e+00
4.042881935986698642e-03
0.000000000000000000e+00
0.000000000000000000e+00
5.750361148539715091e-03
0.000000000000000000e+00
9.662518853695324650e-04
2.278676168583962207e-03
8.253749205799855351e-04
0.000000000000000000e+00
0.000000000000000000e+00
1.540889633647899489e-03
1.560224672352818686e-04
4.290617848970251455e-04
0.000000000000000000e+00
9.438657887578550407e-04
0.000000000000000000e+00
0.000000000000000000e+00
0.000000000000000000e+00
1.767533936651583936e-04
0.000000000000000000e+00
1.165501165501165500e-03
3.102799744339655393e-04
7.150163841049845398e-04
5.268439650784826614e-04
2.514347360137506732e-03
3.262400103499101152e-03
3.597398298005733720e-03
1.108377621913340938e-03
5.720823798627002301e-04
4.416086896905311796e-03
7.117412309285898369e-04
1.042249490330754381e-03
1.558786232136384923e-03
0.000000000000000000e+00
8.465011286681715409e-04
0.000000000000000000e+00
1.006001147084668521e-03
1.264310204026045450e-03
0.000000000000000000e+00
1.321523632736447450e-03
0.000000000000000000e+00
3.038925721091913223e-03
3.543344608779103871e-03
3.099317633567676600e-04
3.022935302683586560e-04
0.000000000000000000e+00
0.000000000000000000e+00
7.174198350668939536e-04
1.148361442479089480e-03
1.499135363829486901e-03
0.000000000000000000e+00
1.787757437070938151e-04
1.208573915137738054e-03
2.484258166076347592e-03
4.327349203880897707e-03
5.827505827505827501e-04
4.113533525298231400e-04
6.126256830843584966e-04
0.000000000000000000e+00
1.410835214446953020e-04
0.000000000000000000e+00
0.000000000000000000e+00
7.057368007109077277e-04
5.643340857787809911e-04
4.104247896572953353e-04
0.000000000000000000e+00
1.767533936651583936e-04
0.000000000000000000e+00
5.643340857787809911e-04
5.643340857787809911e-04
5.827505827505827501e-04
1.121411483253588514e-03
3.798982852229433084e-03
1.343652585187574318e-04
0.000000000000000000e+00
1.362100904435001000e-04
5.827505827505827501e-04
1.339635345412990139e-03
0.000000000000000000e+00
7.452547959983738673e-04
0.000000000000000000e+00
5.827505827505827501e-04
0.000000000000000000e+00
5.827505827505827501e-04
1.700750551420262321e-03
9.176615550286299980e-04
1.437708738149697614e-03
1.395641294016767295e-03
0.000000000000000000e+00
2.882745546402431147e-04
1.939311494290312660e-03
4.159215502330625949e-04
4.022383023004823775e-03
7.082924703062003571e-04
5.643340857787809911e-04
1.772982582219112698e-04
2.200316845625769615e-04
8.208495793145906706e-04
5.643340857787809911e-04
0.000000000000000000e+00
5.720823798627002301e-04
5.827505827505827501e-04
1.731112025229672446e-03
3.238621986965266580e-03
0.000000000000000000e+00
1.131221719457013676e-03
0.000000000000000000e+00
5.643340857787809911e-04
2.265084637199043203e-03
1.129944945507287829e-03
5.643340857787809911e-04
0.000000000000000000e+00
1.644177398974238768e-03
5.827505827505827501e-04
9.988104953780011386e-04
1.589319771137952708e-04
0.000000000000000000e+00
2.106909157765617970e-03
8.359677435829342270e-04
3.089194470547378482e-04
0.000000000000000000e+00
0.000000000000000000e+00
5.656108597285068379e-04
6.087082473406467409e-03
1.319758672699849252e-03
0.000000000000000000e+00
1.892601541393969635e-03
1.395597727137075968e-03
2.860411899313501692e-04
0.000000000000000000e+00
1.165501165501165500e-03
2.523317281470234021e-03
3.480682213713888191e-04
6.809664785948625620e-03
5.643340857787809911e-04
0.000000000000000000e+00
1.996721701594497255e-03
9.566915634346454759e-04
2.200316845625769615e-04
5.407770176436500938e-03
1.787757437070938422e-04
1.430205949656750846e-04
2.290880348038146393e-03
1.819256383324444233e-03
0.000000000000000000e+00
0.000000000000000000e+00
5.827505827505827501e-04
3.715790717204135122e-03
2.923117007280421308e-03
0.000000000000000000e+00
0.000000000000000000e+00
5.663615560640731855e-04
2.044115093510924259e-03
1.560224672352818686e-04
2.200316845625769615e-04
3.879796839729119382e-04
1.430205949656750846e-04
0.000000000000000000e+00
5.656108597285068379e-04
0.000000000000000000e+00
3.891327469289513046e-03
0.000000000000000000e+00
0.000000000000000000e+00
0.000000000000000000e+00
4.425968221776877096e-04
9.988104953780011386e-04
1.016200829887591245e-03
1.372375600970400945e-03
1.362100904435001000e-04
0.000000000000000000e+00
1.727764729493596078e-03
1.037116781791368007e-03
5.827505827505827501e-04
4.381895101246723913e-04
4.956842546763588764e-03
1.333608706320376768e-03
0.000000000000000000e+00
1.007954669281900442e-03
0.000000000000000000e+00
1.410835214446953020e-04
0.000000000000000000e+00
1.430205949656750846e-04
0.000000000000000000e+00
3.102799744339655393e-04
1.681865313024143334e-03
4.575740867911908157e-03
8.753756308402767857e-04
0.000000000000000000e+00
5.390062956692778101e-03
1.285967412742569562e-03
5.656108597285068379e-04
7.086314546941819767e-04
1.289198221132040276e-03
0.000000000000000000e+00
4.564155528795827733e-03
0.000000000000000000e+00
1.560224672352818686e-04
2.230713049951862578e-03
1.582135719368490696e-03
0.000000000000000000e+00
1.587432721964624101e-03
2.949928175661809850e-04
0.000000000000000000e+00
7.005441762222810098e-04
1.430205949656750846e-04
4.330458144796379884e-04
1.136416465641481221e-03
7.615263264576766465e-04
3.695778087185907189e-03
5.656108597285068379e-04
3.323768690411510029e-04
0.000000000000000000e+00
0.000000000000000000e+00
0.000000000000000000e+00
3.848926960482531093e-03
0.000000000000000000e+00
3.099317633567676058e-04
0.000000000000000000e+00
1.731112025229672446e-03
1.129944945507287829e-03
1.148361442479089480e-03
0.000000000000000000e+00
2.317089605775537412e-03
5.827505827505827934e-03
0.000000000000000000e+00
4.974192474192474026e-03
7.070135746606334660e-04
5.739622023778706648e-04
9.012772632336558173e-04
5.720823798627002301e-04
4.242081447963801013e-04
4.290617848970251455e-04
1.539092961214857372e-04
1.759707820987337686e-03
2.081966469838323393e-03
1.821095571095571501e-04
0.000000000000000000e+00
8.119415527664425878e-04
1.430205949656751117e-04
0.000000000000000000e+00
1.165501165501165500e-03
6.029838885034739977e-04
3.256247143165956828e-03
3.091569339483757253e-03
0.000000000000000000e+00
0.000000000000000000e+00
0.000000000000000000e+00
5.656108597285068379e-04
1.285248281170095789e-03
7.748172209573953029e-03
2.496305867372127126e-03
1.935750202525183226e-03
2.170515714533772730e-04
7.831534980856248024e-04
0.000000000000000000e+00
4.850771666284945868e-03
2.941068829148101547e-03
0.000000000000000000e+00
3.198333653568357672e-03
1.147084668529363850e-03
7.443866034356006259e-04
1.414027149321267366e-04
2.615706406469883553e-03
1.343652585187574318e-04
4.380005720823798620e-04
1.015796397230220739e-03
9.946726446255320375e-04
5.994608897119861265e-03
0.000000000000000000e+00
1.757421306617960519e-03
0.000000000000000000e+00
5.771811455548841660e-03
0.000000000000000000e+00
5.827505827505827501e-04
7.241532976827094866e-04
1.844444871770218285e-03
2.568317354629089198e-03
1.674880714425586083e-03
1.713972302207596426e-03
2.451781627983001528e-04
4.232505643340857705e-04
1.827071224667187405e-03
9.986566742081447179e-04
5.720823798627002301e-04
3.472825143254037452e-04
7.064476383814576347e-04
1.358933942964192509e-03
0.000000000000000000e+00
1.147084668529363850e-03
1.862187643357739002e-03
0.000000000000000000e+00
9.558246214392419459e-04
1.250868645865777559e-03
0.000000000000000000e+00
5.534059678580284872e-03
1.129944945507287829e-03
1.674336692719045547e-03
5.643340857787809911e-04
1.714460488294468777e-03
1.787757437070938422e-04
5.827505827505827501e-04
0.000000000000000000e+00
0.000000000000000000e+00
1.158312996447401211e-02
1.763544018058691072e-04
0.000000000000000000e+00
1.346692523163111764e-04
7.263398870613838737e-04
1.620573575429431253e-03
0.000000000000000000e+00
1.560224672352818686e-04
7.591049845564518030e-04
0.000000000000000000e+00
0.000000000000000000e+00
6.340102591025929823e-03
5.827505827505827501e-04
3.659550838780389458e-03
5.027150438739821578e-03
1.091330133373022860e-03
4.370832560159542074e-04
5.656108597285068379e-04
7.064476383814576347e-04
7.182433819002667554e-04
6.955212020271863728e-04
1.763544018058691072e-04
1.282577467679047855e-04
1.560224672352818686e-04
0.000000000000000000e+00
1.560224672352818957e-04
0.000000000000000000e+00
5.656108597285068379e-04
1.529827345591847987e-03
5.827505827505827501e-04
6.965998871331828893e-04
5.656108597285068379e-04
1.761285980335419634e-03
6.631249017505579752e-04
5.656108597285068379e-04
0.000000000000000000e+00
0.000000000000000000e+00
3.587818233127157658e-04
1.929587115623656668e-03
1.346692523163111764e-04
1.185965705534819999e-03
0.000000000000000000e+00
4.309416074121956344e-04
2.513318921041903832e-03
1.800239675673959844e-03
1.362100904435001000e-04
2.425353298035542310e-03
1.767533936651583936e-04
3.300003051986425719e-03
5.827505827505827501e-04
1.131221719457013676e-03
3.586157432311278545e-04
2.521080822753322265e-03
7.066943811732021670e-04
1.137693239591207068e-03
2.511277518687774282e-03
0.000000000000000000e+00
7.508581235697940181e-04
9.894294653652942629e-04
0.000000000000000000e+00
9.723310704256129307e-04
1.767533936651583936e-04
1.526550705654555404e-03
3.422837508616289465e-03
3.905973013161299391e-04
6.135315491259639431e-04
4.232505643340857705e-04
0.000000000000000000e+00
5.656108597285068379e-04
8.264847022847136154e-04
1.428151610544174579e-03
2.929487765939509016e-03
6.088891506259252974e-04
2.200316845625769615e-04
0.000000000000000000e+00
2.755260778329691324e-03
1.632758860164232806e-03
2.351392024078254310e-04
1.148361442479089480e-03
0.000000000000000000e+00
0.000000000000000000e+00
5.656108597285068379e-04
1.487608823513723215e-03
5.643340857787809911e-04
0.000000000000000000e+00
4.383666559174459378e-04
0.000000000000000000e+00
3.201784586392205788e-04
3.233799000389389351e-03
1.589319771137952708e-04
5.656108597285068379e-04
0.000000000000000000e+00
1.410835214446953020e-04
1.129944945507287829e-03
2.280812170852483320e-03
1.558807801656771942e-03
1.650389650090049436e-03
1.855086924598760333e-03
4.622280356302082768e-03
0.000000000000000000e+00
3.065694447651504291e-03
0.000000000000000000e+00
1.148361442479089480e-03
8.938787185354691569e-04
0.000000000000000000e+00
1.030543809972172750e-03
5.827505827505827501e-04
7.195201558499926021e-04
0.000000000000000000e+00
8.027822673131597116e-04
1.560224672352818686e-04
0.000000000000000000e+00
1.703171893321486947e-03
1.813109667630394359e-03
0.000000000000000000e+00
0.000000000000000000e+00
3.181561085972851302e-04
1.147084668529363850e-03
2.220868715432294978e-03
0.000000000000000000e+00
5.656108597285068379e-04
0.000000000000000000e+00
4.028956923658822374e-03
8.734294519714782580e-04
1.096324537400052276e-03
9.348012780507060186e-04
1.260933972911963989e-03
1.005465623076441228e-03
0.000000000000000000e+00
3.504004576659039329e-04
0.000000000000000000e+00
0.000000000000000000e+00
0.000000000000000000e+00
3.195835025568845821e-03
2.920931126187690380e-03
3.128548066027071490e-03
3.330332509057775401e-04
0.000000000000000000e+00
1.036549564115411826e-03
3.957999244149822127e-03
4.104247896572953353e-04
0.000000000000000000e+00
1.539092961214857372e-04
1.414027149321267366e-04
0.000000000000000000e+00
0.000000000000000000e+00
2.845194021664609885e-03
1.165501165501165500e-03
2.268914959048220527e-03
0.000000000000000000e+00
1.429251711418754291e-03
0.000000000000000000e+00
0.000000000000000000e+00
1.737583545363865622e-03
0.000000000000000000e+00
5.656108597285068379e-04
5.720823798627002301e-04
5.720823798627002301e-04
1.362100904435001000e-04
5.656108597285068379e-04
3.155931959302271141e-03
0.000000000000000000e+00
1.869719976630558481e-03
5.656108597285068379e-04
1.560224672352818957e-04
0.000000000000000000e+00
1.539092961214857426e-03
3.250511715523002158e-03
0.000000000000000000e+00
1.517551860801288769e-03
0.000000000000000000e+00
5.827505827505827501e-04
0.000000000000000000e+00
0.000000000000000000e+00
2.286210469010321357e-03
1.528327813269391182e-03
5.656108597285068379e-04
5.714485145347117205e-04
0.000000000000000000e+00
3.239843512635119747e-03
4.330458144796379884e-04
5.643340857787809911e-04
1.765439457646527602e-03
3.063736029111485421e-03
0.000000000000000000e+00
2.356711915535444977e-04
2.437276212872692936e-03
1.029419348269000611e-03
4.238186056367874792e-04
1.165501165501165500e-03
7.224484913594944255e-03
1.787757437070938422e-04
1.388186059170893249e-03
3.868758781936868039e-03
1.295916484057978418e-03
1.156156031270622574e-03
4.113533525298231400e-04
4.236693417185408324e-03
0.000000000000000000e+00
1.787757437070938422e-04
1.056929158583149722e-03
2.290908322170941321e-03
1.787757437070938422e-04
1.368373682379111318e-03
2.383676582761251139e-04
0.000000000000000000e+00
7.581790307216003865e-04
3.371485493911122958e-03
1.542575071986836707e-04
0.000000000000000000e+00
3.890484985293112224e-04
1.144164759725400460e-03
5.507798725257332870e-03
1.876446844914516536e-03
1.154832962613283089e-03
